here
	Adam selu perceptron 
		Column Index used:[0, 1, 3, 4, 6, 7, 5, 9]
		NumFeatures forwardSelect Chose:[1, 2, 3, 4, 5, 6, 7, 8]
		 rCVVales:  [0, 0.25082, 0.7691, 0.90646, 0.9335999999999999, 0.9692399999999999, 0.9666600000000001, 0.9709199999999999]
		 rBarVaues:  [0, 0.23163400000000012, 0.8138242424242424, 0.9217306122448979, 0.9739216494845361, 0.9915, 0.9954905263157895, 0.9955510638297872]
	Adam elu perceptron 
		Column Index used:[0, 1, 3, 4, 2, 7, 5, 6]
		NumFeatures forwardSelect Chose:[1, 2, 3, 4, 5, 6, 7, 8]
		 rCVVales:  [0, 0.22648000000000001, 0.7836999999999998, 0.9052000000000001, 0.9259000000000001, 0.97166, 0.9825800000000001, 0.94488]
		 rBarVaues:  [0, 0.23255199999999998, 0.8053757575757576, 0.9342204081632652, 0.9686639175257732, 0.9904375, 0.9914105263157895, 0.9949]
	Adam softmax perceptron 
		Column Index used:[0, 1, 3, 4, 6, 8]
		NumFeatures forwardSelect Chose:[1, 2, 3, 4, 5, 6]
		 rCVVales:  [0, 0.19984, 0.7584000000000001, 0.8603400000000001, 0.91098, 0.8542400000000001]
		 rBarVaues:  [0, 0.24040600000000012, 0.8100121212121212, 0.8885285714285714, 0.9675072164948453, 0.9768374999999999]
	Adam sigmoid perceptron 
		Column Index used:[0, 1, 3, 4, 6, 7, 9]
		NumFeatures forwardSelect Chose:[1, 2, 3, 4, 5, 6, 7]
		 rCVVales:  [0, 0.16386, 0.77016, 0.8929, 0.9241800000000001, 0.94514, 0.9042]
		 rBarVaues:  [0, 0.23642800000000008, 0.8349454545454545, 0.9256857142857142, 0.9760247422680411, 0.99054375, 0.9942021052631579]
	Adam linear perceptron 
		Column Index used:[0, 1, 3, 8, 4, 6, 5, 9]
		NumFeatures forwardSelect Chose:[1, 2, 3, 4, 5, 6, 7, 8]
		 rCVVales:  [0, 0.21259999999999998, 0.7125400000000001, 0.8128599999999999, 0.83782, 0.89972, 0.8849, 0.86804]
		 rBarVaues:  [0, 0.182674, 0.7590121212121212, 0.8268081632653062, 0.8488927835051546, 0.89173125, 0.8942421052631578, 0.8965893617021277]
	SGD selu perceptron 
		Column Index used:[0, 3, 1, 4, 6, 7]
		NumFeatures forwardSelect Chose:[1, 2, 3, 4, 5, 6]
		 rCVVales:  [0, 0.26686, 0.74074, 0.8563599999999999, 0.9299, 0.95136]
		 rBarVaues:  [0, 0.23510199999999992, 0.696060606060606, 0.9022673469387755, 0.9696103092783505, 0.9835312500000001]
	SGD elu perceptron 
		Column Index used:[0, 3, 1, 4, 6, 2]
		NumFeatures forwardSelect Chose:[1, 2, 3, 4, 5, 6]
		 rCVVales:  [0, 0.25444, 0.77918, 0.87754, 0.9426200000000001, 0.96228]
		 rBarVaues:  [0, 0.227962, 0.7864181818181818, 0.9160061224489796, 0.965719587628866, 0.989375]
	SGD softmax perceptron 
		Column Index used:[0, 3, 1, 4, 6, 7, 5]
		NumFeatures forwardSelect Chose:[1, 2, 3, 4, 5, 6, 7]
		 rCVVales:  [0, 0.23376000000000002, 0.7604200000000001, 0.8091200000000001, 0.89574, 0.95192, 0.9270400000000001]
		 rBarVaues:  [0, 0.22857399999999994, 0.7694181818181818, 0.9118428571428572, 0.9457402061855671, 0.97396875, 0.97756]
	SGD sigmoid perceptron 
		Column Index used:[0, 1, 3, 4, 6, 2, 9]
		NumFeatures forwardSelect Chose:[1, 2, 3, 4, 5, 6, 7]
		 rCVVales:  [0, 0.22077999999999998, 0.75152, 0.8370599999999999, 0.899, 0.8990600000000001, 0.9168799999999999]
		 rBarVaues:  [0, 0.18522400000000006, 0.7707575757575758, 0.8431489795918368, 0.9096721649484536, 0.94273125, 0.9465305263157895]
	SGD linear perceptron 
		Column Index used:[0, 1, 3, 8, 4, 6, 2, 5]
		NumFeatures forwardSelect Chose:[1, 2, 3, 4, 5, 6, 7, 8]
		 rCVVales:  [0, 0.23003999999999997, 0.7333000000000001, 0.8154600000000001, 0.8227399999999999, 0.8654999999999999, 0.86046, 0.8810800000000001]
		 rBarVaues:  [0, 0.182674, 0.7410848484848485, 0.8228530612244898, 0.847, 0.8845062499999999, 0.8925242105263158, 0.8940936170212765]
	SGD_Moment selu perceptron 
		Column Index used:[0, 3, 1, 4, 6, 2, 7]
		NumFeatures forwardSelect Chose:[1, 2, 3, 4, 5, 6, 7]
		 rCVVales:  [0, 0.23892000000000002, 0.7749599999999999, 0.8501, 0.9401999999999999, 0.9494999999999999, 0.9563200000000001]
		 rBarVaues:  [0, 0.23714200000000007, 0.7865212121212121, 0.9037244897959184, 0.9565711340206186, 0.9863999999999999, 0.9888336842105263]
	SGD_Moment elu perceptron 
		Column Index used:[0, 3, 1, 4, 6, 2]
		NumFeatures forwardSelect Chose:[1, 2, 3, 4, 5, 6]
		 rCVVales:  [0, 0.22814, 0.79174, 0.9121600000000001, 0.9572, 0.9708600000000001]
		 rBarVaues:  [0, 0.229696, 0.7892, 0.9037244897959184, 0.9621443298969072, 0.9915]
	SGD_Moment softmax perceptron 
		Column Index used:[0, 3, 1, 4, 6, 7, 9]
		NumFeatures forwardSelect Chose:[1, 2, 3, 4, 5, 6, 7]
		 rCVVales:  [0, 0.24542000000000003, 0.7840199999999999, 0.86418, 0.9101400000000002, 0.9427200000000001, 0.9071]
		 rBarVaues:  [0, 0.229186, 0.7890969696969696, 0.9184, 0.9508927835051547, 0.9776874999999999, 0.9823915789473685]
	SGD_Moment sigmoid perceptron 
		Column Index used:[0, 3, 1, 4, 6, 2, 7]
		NumFeatures forwardSelect Chose:[1, 2, 3, 4, 5, 6, 7]
		 rCVVales:  [0, 0.22776000000000002, 0.7586600000000001, 0.86762, 0.9163599999999998, 0.8981199999999999, 0.9202]
		 rBarVaues:  [0, 0.22214800000000012, 0.7731272727272728, 0.8782244897959184, 0.9484742268041236, 0.9530375, 0.9671452631578947]
	SGD_Moment linear perceptron 
		Column Index used:[0, 1, 3, 8, 4, 6, 9, 7, 2]
		NumFeatures forwardSelect Chose:[1, 2, 3, 4, 5, 6, 7, 8, 9]
		 rCVVales:  [0, 0.27474, 0.73918, 0.83402, 0.8458400000000001, 0.86654, 0.87694, 0.87012, 0.88372]
		 rBarVaues:  [0, 0.182674, 0.7645757575757576, 0.8258714285714286, 0.8473154639175258, 0.89173125, 0.8914505263157895, 0.8976744680851063, 0.8982193548387097]
