here
	Adam selu perceptron 
		Column Index used:[0, 1, 3, 4, 2, 6]
		NumFeatures forwardSelect Chose:[1, 2, 3, 4, 5, 6]
		 rCVVales:  [0, 0.26827999999999996, 0.7626, 0.87662, 0.88896, 0.8283799999999999]
		 rBarVaues:  [0, 0.2340819999999999, 0.8212424242424242, 0.9344285714285715, 0.9439525773195876, 0.946025]
	Adam elu perceptron 
		Column Index used:[0, 1, 3, 4, 6, 2]
		NumFeatures forwardSelect Chose:[1, 2, 3, 4, 5, 6]
		 rCVVales:  [0, 0.2065, 0.7705599999999999, 0.8798999999999999, 0.89272, 0.84848]
		 rBarVaues:  [0, 0.2323480000000001, 0.7546848484848485, 0.8938367346938776, 0.9096721649484536, 0.95803125]
	Adam softmax perceptron 
		Column Index used:[0, 1, 3, 4, 6]
		NumFeatures forwardSelect Chose:[1, 2, 3, 4, 5]
		 rCVVales:  [0, 0.23316000000000003, 0.7579, 0.8120199999999999, 0.76356]
		 rBarVaues:  [0, 0.2423439999999999, 0.794969696969697, 0.8463755102040816, 0.9016804123711339]
	Adam sigmoid perceptron 
		Column Index used:[0, 1, 3, 4, 6, 8]
		NumFeatures forwardSelect Chose:[1, 2, 3, 4, 5, 6]
		 rCVVales:  [0, 0.20316, 0.76246, 0.81678, 0.83452, 0.8046200000000001]
		 rBarVaues:  [0, 0.24122199999999994, 0.8123818181818181, 0.9435877551020407, 0.9561505154639176, 0.9790687499999999]
	Adam linear perceptron 
		Column Index used:[0, 1, 3, 8, 5, 4, 6, 9, 7]
		NumFeatures forwardSelect Chose:[1, 2, 3, 4, 5, 6, 7, 8, 9]
		 rCVVales:  [0, 0.22763999999999998, 0.76986, 0.82498, 0.83186, 0.8687400000000001, 0.8877199999999998, 0.85624, 0.88744]
		 rBarVaues:  [0, 0.182674, 0.7599393939393939, 0.8273285714285714, 0.843740206185567, 0.8548625, 0.8854378947368421, 0.8925744680851064, 0.8948193548387097]
	SGD selu perceptron 
		Column Index used:[0, 3, 1, 9, 4, 6, 8, 7]
		NumFeatures forwardSelect Chose:[1, 2, 3, 4, 5, 6, 7, 8]
		 rCVVales:  [0, 0.23403999999999997, 0.78642, 0.8400000000000001, 0.87554, 0.7366999999999999, 0.94284, 0.9490000000000001]
		 rBarVaues:  [0, 0.22153599999999996, 0.7770424242424242, 0.8588653061224489, 0.9180845360824743, 0.959625, 0.962421052631579, 0.9837234042553191]
	SGD elu perceptron 
		Column Index used:[0, 3, 1, 4, 6, 7, 2, 5]
		NumFeatures forwardSelect Chose:[1, 2, 3, 4, 5, 6, 7, 8]
		 rCVVales:  [0, 0.25332, 0.78346, 0.85524, 0.9391400000000001, 0.9824999999999999, 0.97934, 0.9790400000000001]
		 rBarVaues:  [0, 0.22837000000000007, 0.7845636363636364, 0.9217306122448979, 0.9697154639175257, 0.9841687499999999, 0.9934505263157895, 0.9963106382978724]
	SGD softmax perceptron 
		Column Index used:[0, 3, 1, 4, 6, 7, 2, 9]
		NumFeatures forwardSelect Chose:[1, 2, 3, 4, 5, 6, 7, 8]
		 rCVVales:  [0, 0.21949999999999997, 0.7697, 0.89534, 0.94482, 0.9449399999999999, 0.9599400000000001, 0.96318]
		 rBarVaues:  [0, 0.2301040000000001, 0.7869333333333334, 0.9223551020408163, 0.9699257731958764, 0.9865062499999999, 0.9880821052631579, 0.9894744680851063]
	SGD sigmoid perceptron 
		Column Index used:[0, 3, 1, 4, 6, 7]
		NumFeatures forwardSelect Chose:[1, 2, 3, 4, 5, 6]
		 rCVVales:  [0, 0.25830000000000003, 0.75492, 0.85976, 0.90292, 0.9267999999999998]
		 rBarVaues:  [0, 0.22694199999999998, 0.7750848484848485, 0.909865306122449, 0.9556247422680413, 0.978325]
	SGD linear perceptron 
		Column Index used:[0, 1, 3, 8, 4, 6]
		NumFeatures forwardSelect Chose:[1, 2, 3, 4, 5, 6]
		 rCVVales:  [0, 0.21756000000000003, 0.77504, 0.78876, 0.82874, 0.87652]
		 rBarVaues:  [0, 0.182674, 0.7631333333333333, 0.8209795918367346, 0.8436350515463917, 0.892475]
	SGD_Moment selu perceptron 
		Column Index used:[0, 3, 1, 4, 6, 2, 8]
		NumFeatures forwardSelect Chose:[1, 2, 3, 4, 5, 6, 7]
		 rCVVales:  [0, 0.26996000000000003, 0.76034, 0.8431799999999999, 0.94554, 0.92376, 0.94856]
		 rBarVaues:  [0, 0.22296399999999994, 0.7769393939393939, 0.8676081632653061, 0.9669814432989691, 0.987675, 0.9924842105263157]
	SGD_Moment elu perceptron 
		Column Index used:[0, 3, 1, 4, 6, 2, 7, 5]
		NumFeatures forwardSelect Chose:[1, 2, 3, 4, 5, 6, 7, 8]
		 rCVVales:  [0, 0.2387, 0.78964, 0.8807400000000001, 0.9438000000000001, 0.9808199999999999, 0.97438, 0.9932399999999999]
		 rBarVaues:  [0, 0.22837000000000007, 0.7931151515151516, 0.8735408163265306, 0.9687690721649485, 0.9941562500000001, 0.9942021052631579, 0.996636170212766]
	SGD_Moment softmax perceptron 
		Column Index used:[0, 3, 1, 4, 2, 6]
		NumFeatures forwardSelect Chose:[1, 2, 3, 4, 5, 6]
		 rCVVales:  [0, 0.20790000000000003, 0.77152, 0.9065200000000001, 0.9376200000000001, 0.9715]
		 rBarVaues:  [0, 0.23092000000000001, 0.7986787878787879, 0.9110102040816326, 0.9589896907216494, 0.9896937499999999]
	SGD_Moment sigmoid perceptron 
		Column Index used:[0, 3, 1, 4, 6, 7]
		NumFeatures forwardSelect Chose:[1, 2, 3, 4, 5, 6]
		 rCVVales:  [0, 0.23912, 0.73672, 0.8750199999999999, 0.92856, 0.92866]
		 rBarVaues:  [0, 0.226738, 0.7886848484848485, 0.9106979591836735, 0.965719587628866, 0.9803437500000001]
	SGD_Moment linear perceptron 
		Column Index used:[0, 1, 3, 8, 4, 6, 5, 9, 2]
		NumFeatures forwardSelect Chose:[1, 2, 3, 4, 5, 6, 7, 8, 9]
		 rCVVales:  [0, 0.22248, 0.72592, 0.8042999999999999, 0.84482, 0.88628, 0.8836600000000001, 0.88514, 0.89154]
		 rBarVaues:  [0, 0.182674, 0.7623090909090909, 0.8251428571428572, 0.84899793814433, 0.89194375, 0.8943494736842105, 0.8948531914893617, 0.8977806451612904]
