here
	Adam selu perceptron 
		Column Index used:[0, 4, 1, 2, 3, 5]
		NumFeatures forwardSelect Chose:[1, 2, 3, 4, 5, 6]
		 rCVVales:  [0, 0.29579999999999995, 0.38552, 0.42598, 0.46543999999999996, 0.46352000000000004]
		 rBarVaues:  [0, 0.29722099447513817, 0.41266697416974163, 0.46013770794824393, 0.5023342592592593, 0.5061632653061224]
	Adam elu perceptron 
		Column Index used:[0, 4, 1, 2, 7]
		NumFeatures forwardSelect Chose:[1, 2, 3, 4, 5]
		 rCVVales:  [0, 0.28374, 0.39564, 0.44844, 0.47363999999999995]
		 rBarVaues:  [0, 0.30123572744014737, 0.4063321033210332, 0.47545009242144176, 0.5007194444444444]
	Adam softmax perceptron 
		Column Index used:[0, 4, 1, 3, 5]
		NumFeatures forwardSelect Chose:[1, 2, 3, 4, 5]
		 rCVVales:  [0, 0.30398000000000003, 0.38616, 0.43201999999999996, 0.38916]
		 rBarVaues:  [0, 0.2720285451197052, 0.4142758302583025, 0.4854232902033272, 0.5644037037037037]
	Adam sigmoid perceptron 
		Column Index used:[0, 4, 1, 2, 3, 8, 6]
		NumFeatures forwardSelect Chose:[1, 2, 3, 4, 5, 6, 7]
		 rCVVales:  [0, 0.29834, 0.41690000000000005, 0.47672, 0.5110399999999999, 0.47492, 0.44882]
		 rBarVaues:  [0, 0.29842541436464076, 0.4330793357933579, 0.520279112754159, 0.5455305555555555, 0.598378478664193, 0.6390641263940521]
	Adam linear perceptron 
		Column Index used:[0, 4, 1, 2, 6, 7, 5, 3]
		NumFeatures forwardSelect Chose:[1, 2, 3, 4, 5, 6, 7, 8]
		 rCVVales:  [0, 0.28306000000000003, 0.35812, 0.44476000000000004, 0.4399, 0.46419999999999995, 0.47216, 0.42498]
		 rBarVaues:  [0, 0.2841731123388581, 0.3793837638376384, 0.4401913123844732, 0.44975185185185185, 0.45934786641929504, 0.47019516728624533, 0.4729636871508379]
	SGD selu perceptron 
		Column Index used:[0, 4, 1, 3, 2]
		NumFeatures forwardSelect Chose:[1, 2, 3, 4, 5]
		 rCVVales:  [0, 0.30028, 0.40368000000000004, 0.4733199999999999, 0.49904000000000004]
		 rBarVaues:  [0, 0.29611694290976054, 0.3883330258302583, 0.497713493530499, 0.5252444444444444]
	SGD elu perceptron 
		Column Index used:[0, 4, 1, 3]
		NumFeatures forwardSelect Chose:[1, 2, 3, 4]
		 rCVVales:  [0, 0.29892, 0.40242000000000006, 0.43644]
		 rBarVaues:  [0, 0.29732136279926347, 0.4195046125461255, 0.48350924214417745]
	SGD softmax perceptron 
		Column Index used:[0, 4, 1, 3, 2, 6, 8, 7, 5]
		NumFeatures forwardSelect Chose:[1, 2, 3, 4, 5, 6, 7, 8, 9]
		 rCVVales:  [0, 0.3014, 0.40990000000000004, 0.47556000000000004, 0.51742, 0.53728, 0.5393399999999999, 0.50098, 0.4887]
		 rBarVaues:  [0, 0.3024401473296501, 0.42624169741697426, 0.516148798521257, 0.5511824074074074, 0.5883682745825602, 0.6539553903345725, 0.6577765363128492, 0.6667975746268657]
	SGD sigmoid perceptron 
		Column Index used:[0, 4, 1, 2, 3, 6, 7, 8, 5]
		NumFeatures forwardSelect Chose:[1, 2, 3, 4, 5, 6, 7, 8, 9]
		 rCVVales:  [0, 0.30584, 0.41, 0.49266000000000004, 0.5361800000000001, 0.5346599999999999, 0.51162, 0.49998000000000004, 0.5095000000000001]
		 rBarVaues:  [0, 0.3021390423572743, 0.4228228782287822, 0.5244094269870611, 0.5515861111111111, 0.6006029684601113, 0.6003671003717472, 0.6090614525139665, 0.630294776119403]
	SGD linear perceptron 
		Column Index used:[0, 4, 1, 2, 6, 7, 5, 3]
		NumFeatures forwardSelect Chose:[1, 2, 3, 4, 5, 6, 7, 8]
		 rCVVales:  [0, 0.29401999999999995, 0.3823, 0.44288, 0.44806, 0.4530200000000001, 0.47430000000000005, 0.47587999999999997]
		 rBarVaues:  [0, 0.2841731123388581, 0.38461254612546125, 0.44119870609981526, 0.4477333333333333, 0.46470686456400745, 0.4758680297397768, 0.4750949720670391]
	SGD_Moment selu perceptron 
		Column Index used:[0, 4, 1, 3, 8]
		NumFeatures forwardSelect Chose:[1, 2, 3, 4, 5]
		 rCVVales:  [0, 0.3046, 0.36686, 0.3633, 0.26342]
		 rBarVaues:  [0, 0.295012891344383, 0.39818726937269366, 0.44502680221811464, 0.510912962962963]
	SGD_Moment elu perceptron 
		Column Index used:[0, 4, 1, 2, 6]
		NumFeatures forwardSelect Chose:[1, 2, 3, 4, 5]
		 rCVVales:  [0, 0.29480000000000006, 0.41964000000000007, 0.47406, 0.4485200000000001]
		 rBarVaues:  [0, 0.2977228360957642, 0.37455719557195566, 0.5027504621072089, 0.5252444444444444]
	SGD_Moment softmax perceptron 
		Column Index used:[0, 4, 1, 2, 7, 6, 5, 8, 3]
		NumFeatures forwardSelect Chose:[1, 2, 3, 4, 5, 6, 7, 8, 9]
		 rCVVales:  [0, 0.30038, 0.40918, 0.4944, 0.5084799999999999, 0.4906, 0.5067999999999999, 0.49651999999999996, 0.4995200000000001]
		 rBarVaues:  [0, 0.30384530386740327, 0.4253367158671586, 0.5245101663585952, 0.5574398148148149, 0.6114220779220779, 0.6555762081784386, 0.6572690875232774, 0.6702546641791045]
	SGD_Moment sigmoid perceptron 
		Column Index used:[0, 4, 1, 3, 2, 6, 8, 5]
		NumFeatures forwardSelect Chose:[1, 2, 3, 4, 5, 6, 7, 8]
		 rCVVales:  [0, 0.31312, 0.40987999999999997, 0.4772, 0.51886, 0.50254, 0.52436, 0.50276]
		 rBarVaues:  [0, 0.30384530386740327, 0.42805166051660515, 0.528539741219963, 0.5603666666666667, 0.5782569573283859, 0.6402797397769517, 0.6571675977653632]
	SGD_Moment linear perceptron 
		Column Index used:[0, 4, 1, 2, 7, 5, 6, 3]
		NumFeatures forwardSelect Chose:[1, 2, 3, 4, 5, 6, 7, 8]
		 rCVVales:  [0, 0.29013999999999995, 0.39326000000000005, 0.44782, 0.46055999999999997, 0.44960000000000006, 0.47774, 0.47096]
		 rBarVaues:  [0, 0.2841731123388581, 0.3650046125461255, 0.44250831792975964, 0.45388981481481483, 0.46116790352504655, 0.4616858736059479, 0.4778351955307263]
